1,2,3,4,5,6,7,8,9,10,11,12,13,14,15,16,17,18,19,20,21,22,23,24
v,a,r,f,u,n,i,l,e,t,d,h,s
1
10,11,16,17,18,19,20,23,24
keyWord
2, , , , , , , , , , , , , , , , , , , , , , ,  
 ,8, , , , , , , , , , , , , , , , , , , , , ,  
 , , , , , , ,16, , , , , , , , , , , , , , , , 
3, , ,10, , , , , , , , , , , , , , , , , , , , 
 , ,9, , , , , , , , , , , , , , , , , , , , , 
 , , ,11, ,13, , ,18, , , , , , , , , , , , ,24, , 
4, , , , , , , , , , , , , , , , , , , , , , , 
5, , , , ,14, ,17, , , , , , , , , , , , , , , , , 
6, , , ,12, , , , , , , , , ,22, , , , , ,23, , , 
7, , , , , , , , , , ,19, , , , , , , , , , , , 
 , , , , , , , , , , ,20, , , , , , , , , , , 
 , , , , , ,15, , , , , , , , , , , , , , , , 
 , , , , , , , , , , , , ,21, , , , , , , , , 