1,2,3,4,5,6,7,8,9,10,11,12,13,14,15,16,17,18,19,20,21
+,-,*,/,a,n,d,l,s,o,r,e,t
1
2,3,4,5,13,20,21
Op
2, , , , , , , , , , , , , , , , , , , , 
3, , , , , , , , , , , , , , , , , , , , 
4, , , , , , , , , , , , , , , , , , , , 
5, , , , , , , , , , , , , , , , , , , , 
6, , , , , , , , , , ,15, , , , , , , , , 
7, , , , ,9, , , , , , , , , , , , , , , 
 , , , , , , , ,12, , , , , , , , , , , , 
 , , , , , , , , , , , , ,16,17, , , , , , 
 , , , , , , , , , , , , , , ,18,19, , , , 
8, , , , , ,10, , , , , , , , , , , ,21, , 
 , , , , , , ,11, , , , , , , , , , , , , 
 , , , , , , , , , ,14, , , , , , ,20, , , 
 , , , , , , , , ,13, , , , , , , , , , , 